% set up polynomial coefficients for each gas

function [O2, N2, H2O, CO2] = coeffs()

O2 = [1.006450 -1.047869 3.729558 -4.934172 3.284147 -1.095203 0.145737 0 0 0.369790 0.000491];
N2 = [1.075132 -0.252297 0.341859 0.523944 -0.888984 0.442621 -0.074788 0 0 0.443041 0.0012622];
H2O = [0.408089 2.027201 -2.405549 2.039166 -1.163088 0.381364 -0.052763 0 0 0.366740 0.001736];
CO2 = [1.937043 -0.967916 3.338905 -3.652122 2.332470 -0.819451 0.118783 0 0 2.860773 -0.00219];

end